              precision    recall  f1-score   support

         MEL     0.7101    0.4395    0.5429       223
          NV     0.8847    0.9500    0.9162      1341
         BCC     0.5620    0.7476    0.6417       103
       AKIEC     0.5119    0.6615    0.5772        65
         BKL     0.7394    0.5545    0.6338       220
          DF     0.8000    0.3478    0.4848        23
        VASC     0.8966    0.9286    0.9123        28

    accuracy                         0.8228      2003
   macro avg     0.7293    0.6614    0.6727      2003
weighted avg     0.8198    0.8228    0.8135      2003
